0.6983481732914547   0.6933256603446781   0
0.9613908035073145   0.26960615264771154   0
0.9056982106621192   0.5229002802879912   0
0.0573854326256424   0.4154876611950674   1
-0.383255924464334   0.9982339188672684   0
1.0652252977030867   -0.5291236854035437   1
-0.21111256736553868   0.8619310074265965   0
0.7367585367700361   -0.5050726968550358   1
0.07543973034627663   0.07453378416558186   1
-0.894751687718876   0.46192685823097346   0
-0.35584965924049444   0.9009373813696865   0
0.1251901994805139   -0.051719310371092314   1
1.0623515521765896   -0.47736107053357135   1
0.8917956199911812   -0.446517424773502   1
1.2655896573064453   -0.558957456468704   1
0.2880669493733141   -0.13496673336770312   1
1.0152176413016143   0.32071898172659663   0
-0.9526517373044343   0.3429367585208502   0
0.003658883464175357   0.47673858654182727   1
1.3537160540634856   -0.43586534289728823   1
1.538401832206007   -0.36399408875437633   1
0.1908373199792155   1.0168399364404994   0
1.7528643459880924   -0.2213522676957446   1
0.19421471565901757   0.934269090508124   0
1.048108039903313   0.31200498954002254   0
-0.910748419188937   0.261004666400045   0
-1.0192787128529135   0.004990502864674763   0
1.9152146252668172   -0.039775600715437856   1
0.4174164017330642   -0.3245870106571634   1
0.35594357891527983   0.9439084618378523   0
1.0286417447176703   0.19088095723726228   0
0.5684497293553415   0.8328813483621551   0
0.9239313328238077   0.48790420989868566   0
-0.11362648320531876   0.9671168443245443   0
0.8228404561651086   -0.4553540362922831   1
1.645277186535873   -0.29910252823295413   1
1.7551773309312662   -0.15627622079863823   1
1.5849427956956628   -0.38566803816071343   1
1.1957012903007145   -0.47462124663586647   1
0.4338080821360851   0.8957214150289656   0
0.26702249765019803   1.0386009899988908   0
-0.7987874421966487   0.5619388173199402   0
1.8569400212901481   -0.11100997420074872   1
0.9023706937119995   0.4247228492418443   0
1.3215222491964835   -0.49177981228314516   1
-0.5383746625942939   0.7897570299073139   0
0.8892030470892577   0.5908893036006492   0
0.8142679248939174   -0.48819227422541206   1
1.307476945013537   -0.5221909011155624   1
0.6857604101724867   0.721706653617086   0
-0.6635259637604144   0.7754304139031274   0
0.9859395438411918   -0.3764715883675297   1
-0.95418984902757   0.40098578057923573   0
-0.9397050873042364   0.2177572020289687   0
-1.023460796613571   -0.006506863451328081   0
-1.0302218416005673   0.23056475394780956   0
0.5200508017685875   -0.4227996590242609   1
0.8730467892844842   0.1843324469678325   0
-0.8063754700866312   0.5599119536702011   0
0.7182394956771412   0.7537819363974945   0
2.0618098125236743   0.17476009846492946   1
-1.0378209006726584   0.03468288581131802   0
-0.6450530555374735   0.6265105044499623   0
0.7467084318644004   0.7505277489638634   0
0.0555523371845531   0.17550232137529703   1
0.02322041151794089   1.0885084020679376   0
1.898064406045102   0.10903001437963455   1
0.1320262222818374   0.22674952478819493   1
1.8912495879446571   -0.03004467243122113   1
0.016117368691502043   0.19965119469113013   1
1.0638848626174857   0.0940112237386439   0
0.8453307264815408   -0.4304346692680269   1
0.5962468056261366   -0.4095969598674749   1
0.13077924566869137   -0.053699432799631366   1
0.7426410099771   0.6735974057829307   0
1.0055305272942483   0.05002192275433347   0
-0.9429305386064646   0.48349724882335715   0
0.8805441440986215   0.2691216659223936   0
-1.0139307854506803   0.12374939709070779   0
-0.5702840060569786   0.895494513836099   0
0.975412797678004   0.28840455786113894   0
0.551083710494297   0.8605994156630424   0
0.18526335214082612   -0.05809686101742757   1
-0.7772045439550384   0.6557133546323568   0
1.616401028818442   -0.317841081662235   1
0.8720668356889717   -0.5165731023476475   1
-0.9617966827998571   0.24263594475158382   0
-0.6559455054944254   0.6280259250567166   0
1.5582170329343357   -0.2565895623686638   1
1.0146817537252089   0.27550406107314707   0
2.037843758647981   0.507299562808341   1
1.6204877008877192   -0.29648481710650565   1
0.2550318780371028   -0.03812139797208256   1
0.06323230032697956   0.29689496976488217   1
-0.9325600678679256   0.407384343013761   0
0.8671131672705229   -0.5511718193375059   1
0.1313263354865   0.008233094398939707   1
1.9364352265753682   0.2756331702044015   1
1.0043566649591489   0.1484552996777402   0
0.9473386339637475   0.3347635740546773   0
-0.1848683903939726   0.9324323912791977   0
0.12403272866223244   0.9478617063650677   0
0.06801739921680473   0.4970314359239899   1
0.6039409363369297   0.8349667415373283   0
-0.49314778276794785   0.9159573561536235   0
1.0896103937432469   -0.45989717686272114   1
-0.38529473174058754   1.0064448494946145   0
0.9874470853356867   0.16475251146622394   0
1.2604376766369536   -0.5162442599519298   1
1.139056403349408   -0.47946789713315496   1
0.8782489071883106   0.5965253802324851   0
-0.9731327641509029   0.4444619411372327   0
0.007583161036822229   0.34743652980976114   1
1.937884035045883   0.13197470140505171   1
0.07403243743707237   0.9460065506474423   0
1.0105734618250481   -0.533728153469246   1
1.0042819728686339   -0.4389053322567511   1
0.6269967418586535   0.760064211284053   0
0.3082154078883773   0.9821806811504366   0
-0.05982969607993998   1.0314832145045068   0
-0.30647300644344166   0.9055165524861135   0
1.8539481118335537   -0.0019077820552674124   1
-0.08623979377072744   1.0301119527797156   0
0.43093985141695157   -0.3639135385020717   1
0.19192887373820472   -0.08647560979683808   1
0.34971652418178534   -0.2849409542652196   1
0.4002767137667508   0.9145226874319142   0
0.5075773016611052   -0.41083198421353645   1
-0.9744580360234638   0.30109966547691863   0
0.5185953137644607   0.8611659208816579   0
-0.04237318408696043   0.3743959468495489   1
-0.23278926871035446   0.9697168528899547   0
1.8065099659533914   -0.05653918325809444   1
-0.19120893992122215   1.0369813918611068   0
0.053418243283847165   0.46714020195605355   1
0.12558221184237311   0.03481712763676841   1
0.4632646252896023   0.7852241316984058   0
1.9040095910116785   0.11201831444201316   1
-0.8749629013486776   0.2958079337277774   0
0.08045840538037469   0.4848834150550073   1
1.9603322493731419   0.24449068747321323   1
0.05258632758072288   0.11884620856840766   1
0.3058867459183579   0.9622824016520795   0
1.9185735589605515   -0.04874394065369355   1
1.5803665569968877   -0.34063880263899315   1
0.045281347152172524   0.4113878130058411   1
0.9882635424879179   0.2611703271351553   0
-0.5267117614420235   0.8645395584311321   0
0.22165110261382057   0.960822693019929   0
0.4813702450834675   -0.4442547275114593   1
1.868348938368806   0.022480165582380265   1
-0.9376745035795416   0.5406496527767519   0
0.12230867453916797   0.09865510466530397   1
-0.3551734812274334   0.9613506875767981   0
0.7101417896856342   0.664983942787654   0
0.12919906264148717   1.0797332583613835   0
0.9467947416763746   -0.45580322489227443   1
1.921877957626799   0.2703860135119718   1
0.09813043174828354   -0.07250313913904591   1
1.9185155604843476   0.13926193855848315   1
-0.1435991013728255   1.0107655846406718   0
0.6253913215301692   0.685484584078581   0
0.8688452902416094   0.5916787975080102   0
1.0484471249029892   0.2653918518592277   0
0.18109839474600123   0.96574470422841   0
0.6479357053313461   0.7766255981084416   0
1.7889370631845618   -0.07761991011319547   1
0.3297369548817964   1.019542163274442   0
0.1551369374680095   0.8770919033932254   0
0.6865936746722117   0.7067017262378154   0
0.35765629972158214   -0.31558349173997013   1
1.8605094410606957   0.05532108667550696   1
-0.678433890102573   0.7304807543847567   0
0.03207221819009061   0.3264364180471884   1
0.12055233373462279   0.15785050829098168   1
-0.9813765569362255   0.5099394633361121   0
0.23954031879642895   0.9858675592898557   0
-0.5545546474100855   0.7203777179502331   0
-0.10514788373477373   0.9548336041766411   0
0.8110975858781021   0.5881696423157402   0
0.5592264672605604   -0.3045473606781305   1
1.048632000482412   0.05835410849201346   0
2.0758190063911632   0.21377098627878666   1
0.10684141392597407   -0.016643268851766257   1
-1.0683873356637832   0.10449304935384579   0
0.5985536997682794   -0.5032206896004604   1
0.9823888857429299   0.11492665836373009   0
0.21749554618084402   -0.022103718538825035   1
1.3887538045293781   -0.39131239370908594   1
-0.894664656814174   0.44144492063833823   0
0.043318865592172726   0.27514602700898166   1
0.5995435487313772   0.7811261507085553   0
-0.42335202403718036   0.8311462390628084   0
0.8240486623397237   0.5686873086556505   0
1.9478750794948863   0.2300518552556827   1
-0.07668605814193066   0.983434240755549   0
1.0795971415847438   0.29316383394678686   0
0.1537002541235632   0.996359962638985   0
1.8244030427033182   0.05298056914034621   1
1.3161661727222467   -0.4177582622036346   1
-0.6625795331868295   0.712133164641208   0
0.678453919300223   0.8269851610778908   0
0.3890429244516167   -0.14169423024271993   1
0.2749417173976424   -0.21102755644229593   1
0.8692644303283984   -0.5358177661785534   1
0.03693100711669757   0.16095632435865023   1
0.7691272805275033   0.7108682815702798   0
-0.011075360292580487   0.4391980198460316   1
1.9666913763495275   0.3979623589067713   1
2.013993368638182   0.24360039601476133   1
0.8715341114009411   0.5423138790829958   0
0.7042860825088226   -0.4458119525028088   1
0.6411667635807801   0.8747873767653361   0
1.4793121394872732   -0.4293223586879933   1
-0.9758955858651708   0.3554413851511192   0
1.772860111914567   -0.20507755698968458   1
0.33355756499543965   0.9105078415707824   0
0.5312809204004186   0.9266555311370475   0
0.2815946158097195   -0.3170693492686852   1
-0.3278483315723651   1.0055658983224527   0
1.78651523940338   -0.2635037294413761   1
2.0049036033132075   0.43714036842335063   1
0.052423233248139356   0.37830059870266186   1
0.874435973803372   -0.515664229109385   1
0.6129314572229199   0.7092741106616367   0
1.367418260864091   -0.4450038455102595   1
0.9314192659435141   0.31812722108525227   0
-0.49284231346857743   0.9252626422870618   0
2.0535044237413187   0.4127387551677171   1
-0.03592397109199892   1.0512191913660158   0
0.9427658646322571   0.3147410181276746   0
-0.8622444986560127   0.5269662940972363   0
0.8898419348721816   -0.5158314947264272   1
-0.6501451503976005   0.6469020002430582   0
1.1993816330754776   -0.4995577492657038   1
-1.0514934704595598   0.18823664015341998   0
1.878419702031861   0.11134087575784046   1
0.19715984265554554   -0.17276336824147237   1
0.012131024027308627   0.39919111539006   1
1.2014577802645996   -0.5296544767289261   1
0.7001982397389163   0.6886819872387926   0
0.5561850376208235   -0.3150992629403551   1
0.5315230642721634   -0.326941376025176   1
0.5768367112841064   0.6435606041865549   0
0.3770810873530589   0.9656612408604163   0
1.321557730005381   -0.457502630908549   1
0.3557620844056831   -0.32775156454272963   1
0.4755965251570017   0.8333105567247503   0
2.0367975842682333   0.3966610550939886   1
0.7726522259866003   -0.5533145356648836   1
0.833400755185188   0.6234904169318289   0
-0.8217264195706184   0.5294912231793512   0
0.978253449859292   0.30456239193084317   0
0.604609956735691   -0.40181730984264613   1
-0.8579127627067177   0.6370563146191355   0
1.441094742372587   -0.4078960835121679   1
0.6767402187305757   -0.44796080003895955   1
-1.029777940566201   0.13837695868839237   0
1.2088301762423659   -0.4900429121546246   1
0.2365726350779196   -0.133412364669042   1
-0.10002661982278462   1.0863835466961724   0
-0.5790490905462251   0.7833823188169452   0
0.429124958484442   0.8511481598063084   0
-0.6901796322808373   0.6511130881239374   0
0.01790177483607759   1.0098263558568057   0
-0.6833496789928344   0.6712526171400254   0
0.32762516645663897   -0.3280673715835458   1
-0.8820439332199519   0.5073785324275354   0
0.0097132758826284   0.42704070064229727   1
0.47552754023889854   0.903558485417587   0
0.34043078159058215   0.9378896310521617   0
1.2624250786115108   -0.44950443693679715   1
0.8186653249787982   0.6337240407413579   0
0.49792595603613765   -0.43289641385456124   1
1.2121667854227638   -0.4826792574346626   1
1.9456768950329455   0.10053779810531775   1
-0.8868171657012499   0.31595192606727396   0
1.9790093968064222   0.32213825392762524   1
-0.5943065971656878   0.6823239807919479   0
-0.6939861487107352   0.7357974629360765   0
1.9663873286976892   0.20190164843021358   1
2.031976955196475   0.32088232222539625   1
0.8926985966035275   -0.4687006177175817   1
-1.0448442180743698   0.1094169861079777   0
-0.5844439161100168   0.8815536019496371   0
0.6054768326190431   -0.4934214987142723   1
-0.9428278211317264   0.04825333927003626   0
0.9885654332724214   -0.4483142100578505   1
-0.3668222694593626   0.9314690520994281   0
-0.7531899351607387   0.7362592981945407   0
0.4917255379221188   0.7697575653427813   0
-0.06517308722031101   0.9784167896888769   0
0.6707023993047803   -0.45302234588154056   1
-1.0288387676211488   0.10164427724586882   0
1.897499575912212   0.3442815022443183   1
1.8781911035693653   -0.12811764434214998   1
0.3456519144524709   -0.30710277514855594   1
0.5262605525037717   0.8453194733737377   0
-0.9778013287088769   0.40037726958107106   0
0.48208160688596563   -0.48991629616876126   1
1.3627435378819406   -0.40530462455445215   1
1.0067745961784507   0.2486592556259961   0
1.1562159988229355   -0.44937711032653815   1
1.7602039772689104   -0.1032888190675672   1
0.8407201431121372   0.5953463079434937   0
-0.8057802214348104   0.5598683175839541   0
-0.04577353244092202   1.0476372028450698   0
1.0795472321938682   0.05370205172015312   0
0.4608325610335486   0.9620522200851684   0
-0.04337969309543158   0.9317920039454556   0
-0.2215935099245539   0.9833766795820764   0
-0.288873967358351   0.9937005953621512   0
0.4198548352471103   0.8629417992998643   0
-0.1668762941969678   0.9861977496989198   0
0.19475604745997196   -0.1333364356592763   1
-0.5093707965844626   0.8795029701750208   0
1.7466596655190085   -0.1275953184652981   1
0.5483589076750487   0.9112427966635529   0
0.9432621030675089   0.061354007671323346   0
1.7271657289071258   -0.2637949668023535   1
-0.9021179481062879   0.46207811607758686   0
1.9052755920683988   0.13532214582590885   1
0.0893169757655717   1.005159662171237   0
1.9494370680057436   0.4796130481279219   1
-0.3422100880922344   0.9560128906889122   0
-0.10551030612806658   1.006035775446515   0
0.24882908343909563   -0.12007475657407536   1
0.8706389602842027   -0.4911639656608161   1
0.28347037422758103   -0.07974668814528038   1
0.6238823286643292   -0.417435858664448   1
0.26740487953783404   -0.308447237650188   1
0.04369708491635949   0.09659491304236757   1
-0.9321213672965687   0.09131693913047485   0
0.17830330844820597   0.21226918120625135   1
1.819796202788586   -0.1078776638498116   1
-0.6624177952787397   0.7957084146254123   0
0.9924996971377444   -0.503281002702158   1
-0.20776359042125853   0.9487957404855253   0
-0.07198832033588896   0.9883881113332793   0
0.9234542016066888   -0.4532113583153323   1
0.4050926863612621   -0.4004859545997733   1
-0.9946608303272926   0.024967184405093185   0
1.1014096062560306   -0.5197204986111849   1
1.0974327212356705   -0.452340869412415   1
0.4155895131487804   -0.24950638244235607   1
0.6818057235894756   -0.5079966759770564   1
-0.9036467869035801   0.4656967858711065   0
0.35604721820104346   -0.2571311142099579   1
-1.067871844433345   -0.037848916215954584   0
0.08228224590097881   0.2981466853168582   1
1.6153583701900767   -0.2409361613933606   1
0.010444896783825236   -0.024791396959082744   1
-0.96338089422073   0.30808389208831455   0
0.6516445273789098   -0.3592678235645224   1
-0.27409138770896   0.9369433727746891   0
1.819713191115947   0.052503886928358556   1
0.2664573284996921   -0.2531130653955154   1
-0.7489713799431323   0.7008915362053547   0
1.9472016577850897   0.16504451614466947   1
-0.7262817606818835   0.8569497557955841   0
1.3934373737377037   -0.4802567249263187   1
1.3353159829091106   -0.4486500832884756   1
-0.16566579824139366   0.9424005451853016   0
1.8182137585299425   -0.02359297570506201   1
1.9591383999144705   0.3079513768570378   1
0.17686810686558596   -0.11027415629304259   1
-0.04039311036836821   0.4439644261356913   1
2.0202345817586136   0.08670243595473674   1
-0.06688769834718332   1.035235960496243   0
1.6493579679865835   -0.33009640998105005   1
0.3561820299598418   1.0423675629491396   0
1.7301354535702407   -0.1835022922839961   1
1.4923493267738228   -0.3164381864425405   1
-0.5348209440973571   0.7861640122721142   0
0.5715028856797632   -0.3838441142362542   1
0.8627576175951038   0.28247852200356155   0
0.19729338299758328   0.9932048497497152   0
1.050247685202242   -0.5352294230263759   1
-0.766085760044549   0.5604278120015551   0
-0.026309084066260743   0.18617628418384524   1
1.9269024338056444   0.4169290483758619   1
-0.5918061525388447   0.7382546261057019   0
1.778143390414848   -0.1365166821003932   1
0.9787954022966716   0.20822622852697625   0
1.3471178082021533   -0.4752524205784705   1
1.1998627761250298   -0.4692688390943015   1
0.9406088487799702   0.22427803121705706   0
1.4016889368224064   -0.48064404973135866   1
-0.5027533036803395   0.8818825272751326   0
0.41211439971451735   0.9459780633611883   0
0.06218109633109867   0.37881844776815704   1
1.9308915425972093   0.1725349374380037   1
-1.019958057071607   0.3005985763418419   0
1.715358524825166   -0.2506344600295275   1
0.6428131594805688   0.7670254572551989   0
1.3831157945021477   -0.39001559376916506   1
0.662896160191265   0.7810063796006759   0
-0.9276708226585384   0.3389590148543519   0
0.7380427785842425   -0.406549947391927   1
1.0638368447858424   -0.5817364757381243   1
0.6520632429396349   0.7176314548715395   0
0.9799507296238829   0.12958557425568903   0
0.011656848524668133   0.4339193110108479   1
-0.2659786937040748   0.9816404415790334   0
0.5574352171723491   0.8408278103049635   0
-0.6077577104865611   0.68989154136421   0
1.176543783518895   -0.398543993296617   1
1.6119317983274462   -0.3320922374947869   1
0.11879675413603534   0.007985335962526041   1
-0.30766398564037256   0.844495620486715   0
-0.14485736942387098   1.043989684194664   0
0.3438286518831452   0.9551204782488321   0
0.5797664595790458   0.8888518471149263   0
0.2336383841600875   -0.29037871769736767   1
0.8331816036658135   0.24688647082683296   0
0.8648155790160034   0.5469655477520167   0
-0.7596967259195629   0.4970119207549938   0
1.8776816429721102   -0.03832721157745782   1
-0.5896566490347552   0.7075177855045774   0
0.8959215998187561   0.5089525029365409   0
1.8924309863889794   0.18934078648549751   1
0.8766666569686138   0.5212375226360486   0
0.111044067767789   0.006975812716420948   1
0.7374916699717186   0.7361715842489416   0
1.5916038291939114   -0.17755647953262588   1
0.10288612757667395   0.007384591430596202   1
-0.20596820813844915   0.9933559439572935   0
0.038647404633041726   0.05035065300320633   1
0.7339342291987689   -0.3722473001063147   1
1.0239754884490615   0.04307246519122239   0
1.857981699807905   -0.038772070047830495   1
0.9160036897157919   -0.5204630939256316   1
-1.0361317351268968   0.019311521470829082   0
0.9401214749775177   0.06647375455465271   0
0.3177886004286851   0.8861186941181162   0
0.7213012132656232   0.6446956324934796   0
0.13494445589654058   -0.1155584380164277   1
0.14772745879664304   -0.11000144374216145   1
0.8515959775268721   -0.46921323888465494   1
1.0373439463489023   0.4875639357097184   0
-0.2616378113241313   0.9972229069761542   0
-0.9889571103218029   0.22052861469636628   0
0.22327018471555032   0.9788597880085073   0
1.2132067434923004   -0.5460386113773276   1
0.9860443872952629   0.1162514003132459   0
0.36144469754490377   -0.3699521820247099   1
1.010272014613052   0.23862843900144012   0
1.1936982940415004   -0.5139208008925592   1
0.40629827500211146   -0.29829057639735623   1
0.5395581854172734   -0.387313958814686   1
0.593401732735447   0.8063588393856169   0
-0.6510184287640859   0.7148418988612188   0
0.6858658702849514   0.7554969019699938   0
0.5215939728362173   0.7551783723016218   0
-0.8113537853715876   0.7752183243546389   0
1.0876003320146543   0.049051093417196226   0
0.4746777380916256   -0.33313118820562143   1
0.9833665140980189   0.40391750733619347   0
1.21045189118854   -0.4340402636450029   1
2.0420733559188733   0.31037491549577173   1
0.9295564732027363   0.18316936597590164   0
0.9806468488121292   0.17081494936362018   0
1.9661612924183236   0.27168612639163064   1
-0.8946523802318451   0.4354893358854441   0
-0.8841405103146976   0.6809358662946472   0
1.02953596381421   -0.46251018509866787   1
-0.0032218607368495744   0.9346406515757933   0
1.4889896249899413   -0.3343399415192304   1
0.2254616443435121   -0.1336665299220126   1
-0.2863908534557201   0.8969714937237219   0
0.34448131186313335   -0.18021241388963782   1
0.3462205783823169   0.9858732360360892   0
-0.948130772668921   0.26158372772807703   0
0.29411565649286114   0.9854822511236189   0
-0.5993655426941903   0.8797583015169993   0
0.35437162579907866   -0.2025172289489966   1
0.9684734646798667   0.1291905803421297   0
0.2915633934789818   -0.20036301855855754   1
-0.407529416156852   0.9358200116808951   0
0.7355420042225975   0.65671209272853   0
1.7802912552947447   -0.17644552911259864   1
0.5859456215881819   -0.43116953703701616   1
1.2425368770168912   -0.5337840578193114   1
0.7387927775104435   0.729395969417934   0
0.8852319119789703   0.1512587925107958   0
0.13330078914678206   -0.07938090942075704   1
1.270269677148429   -0.5235898444090419   1
0.8712895908714083   0.5693910909893823   0
0.6101726034220026   -0.41040646171111034   1
0.7586028446905806   -0.521524402658354   1
0.17563206223642508   0.986171936289133   0
0.372348666980415   0.932149467900342   0
-0.8935793885869686   0.4371524953109715   0
0.02775355809380375   0.9072081767597804   0
-0.18113884265442434   0.9933183682914268   0
0.5197181861154783   0.9418304379406757   0
0.042818462939562166   0.30853909555896875   1
0.731560231520741   0.7632585691507277   0
0.9077799853548334   0.42323578793182187   0
0.23155202589545068   -0.09897406500081399   1
-0.6664959905594766   0.7385690799827485   0
-0.9678717259894908   0.3559453631002635   0
1.066688143981034   -0.5870272103859261   1
0.44426133683846974   -0.23565024843393295   1
1.5584843557795953   -0.28614657204312643   1
1.9626663977840215   0.22538848481741822   1
-0.055026867982841635   0.39508690593034884   1
0.6882984159641496   -0.47932445091740106   1
-0.029540389967211866   0.9452603946601097   0
0.27962384252123673   0.9554286154850837   0
0.7594368559706042   -0.4572193256951344   1
-0.32672240231467337   0.8749972643573644   0
1.1634118322417741   -0.4884361161782489   1
1.1094705750162315   -0.5161529334663335   1
0.975219400245684   0.3502098838599804   0
0.3484752682565335   0.94779633405955   0
-0.020119436872724796   0.917775476166786   0
1.9798066811572967   0.5297152611638144   1
0.7634321188520581   0.4631418658760723   0
0.11937099623528151   0.012262286765961264   1
0.489173839999314   0.822812265484227   0
-0.9624811704658478   0.10260464601095944   0
0.40871462265279696   -0.3553864160048065   1
1.512822487425458   -0.3953304378442191   1
1.108662651601626   -0.5241388638017042   1
1.8759236938328172   0.13722922814867106   1
0.04139249734763564   0.9852885790129056   0
0.7648116590305608   0.550119233524981   0
1.9564111807659388   0.0825176301550966   1
0.23394600912377653   -0.17542076409509125   1
0.18655218709070892   -0.18074236753280848   1
0.9965468685811291   0.23625420538344907   0
0.18114504677096502   0.9485221626326324   0
0.4935864311556677   0.917960762210412   0
0.07358757037213634   -0.006545095776135698   1
1.2925565919719362   -0.3924355323394954   1
1.478740940200379   -0.3464525946144612   1
0.1270857080800269   1.020963023638967   0
0.25497657621187453   -0.18930532003016015   1
0.03396162962956169   0.12088304497892363   1
0.8322411533639441   -0.46710534870616793   1
-1.005834043916038   0.1757174649411679   0
0.05593623634572764   0.24046199774044982   1
-0.6934649824161079   0.8235393970369683   0
0.5680850249355298   -0.2667268418471439   1
-0.3914971783975067   0.8452662392233421   0
0.4457383909189659   -0.36782765361388453   1
0.20846049102315745   0.9529279386572727   0
-0.8381875375447607   0.6362976733045304   0
1.5202738444723227   -0.2619546350059833   1
0.6156220611767419   -0.49611485561585156   1
0.3293878830895615   0.9595730004399343   0
1.05207476957602   0.09963574405380501   0
2.026895680005381   0.234248143131603   1
-0.6103515883113152   0.7647750871343707   0
0.4997876498738942   0.9289185136042417   0
-0.9024380702555863   0.43811288583286073   0
-0.5254441573886192   0.9211890431729226   0
-0.47730139205502997   0.9602651654009686   0
0.18275467002209564   0.008051643900472721   1
2.0251402218745262   0.31477716763700747   1
0.7484392844279896   0.6160249367470981   0
1.8965409319882622   0.419834420696582   1
0.82608704471602   0.579752524010553   0
-0.5782997604833444   0.8630589720750707   0
0.27392209635512343   -0.1127424293108415   1
0.052154291320765045   0.8651625892127448   0
1.0484745030487925   0.03877746864560701   0
0.6852017306892288   -0.5634566905752808   1
2.012068943119346   0.21675817471291592   1
-0.43213724410899657   0.8411517278292953   0
0.9038006536746778   0.3417829875104081   0
0.8080114666161969   -0.5737106235857314   1
1.4102309599185112   -0.394511026122947   1
0.034387310337313966   0.11339997791972416   1
-0.8846684923603767   0.4582923630304894   0
0.9425380912136971   0.5957615315905047   0
0.3841675181559629   -0.27195970559005533   1
-0.7165937595383808   0.6530283000131667   0
0.5269022288395865   0.8435880676504671   0
0.34910929424000897   0.9482628829321554   0
0.5785996423151923   -0.38886455418621313   1
-0.9870001944009793   0.2775930106703017   0
0.8057447377935244   -0.40357798285377655   1
0.2950063679707166   0.9114045414119576   0
0.8016701863054023   -0.4739395774275323   1
0.6442889735187077   0.7639276105188907   0
-0.7747537801127851   0.57355670799339   0
1.9976869951575118   0.26222238893863825   1
0.1286391234528611   0.20310246898803175   1
-0.8090912557102051   0.6235885617903834   0
-0.9399208090813198   -0.0179414642209315   0
0.8943433602435527   -0.5155863919324694   1
-0.3285628393933421   1.0071583718497765   0
0.21780128915288416   -0.1909311231320311   1
0.7286229904360976   0.5657347003303704   0
1.2301061285396868   -0.43094169182177927   1
-0.7027036818613646   0.6943021733770702   0
0.9661536160223347   -0.4641290389788034   1
-0.5265644509660721   0.8227639256890013   0
-0.4893292383029808   0.8031104880662957   0
-0.02964703962049435   0.37369504670780807   1
0.3442529299453931   0.8897741534698735   0
0.21704480844687693   0.9706841401341373   0
-0.3225653355314221   0.8791942599606066   0
1.1397856720653659   -0.4664496372618577   1
0.5891190344829474   -0.3181532802004301   1
-0.10604792196772933   0.4330490129126646   1
0.07021038776315439   0.05614455306823881   1
1.880048141739685   -0.01595904670829197   1
0.8534534276873748   0.587008801095568   0
1.9655958255722434   0.2290646123104693   1
0.3767481292567291   -0.2729558712456922   1
-0.7924295619706075   0.5765628202394263   0
0.35464186296201117   -0.17581768708949846   1
1.7256422327405165   -0.16809145953284813   1
0.6785609217883273   0.7225517362073728   0
1.4849192360060532   -0.3721348939209935   1
-0.39727588130630015   0.8217729370609904   0
0.6185548149945927   0.766328856642802   0
0.08713341789232751   0.9694791403364166   0
1.5103179988726634   -0.3928171763079038   1
0.976250391388323   0.33276923993970536   0
0.5754773215598887   0.7339234331562395   0
1.8810648238283576   -0.04282093092397653   1
1.78254868578084   -0.07492064169049584   1
1.0068247902467489   -0.010910458410073211   0
1.12370245942486   -0.49516788591209865   1
0.3528319466089072   -0.3691942814182435   1
-0.8671129207273794   0.5979866450701683   0
1.646820581949155   -0.2859684110197585   1
0.10372725021286874   0.1661882070634442   1
1.7724346828406168   -0.15285225406285194   1
-0.755454909587605   0.5594611391525242   0
1.9869389628718934   0.40411431197086256   1
2.0040742822727853   0.4371465029732828   1
0.19238725019560765   -0.07989087062103489   1
-0.8382744733785704   0.6013003079381167   0
-1.0033748251001007   0.3174188178519142   0
0.5404009667350866   -0.39648523871717894   1
-0.06340537080435953   0.519253702316521   1
-0.2331158830725787   0.9967375896564195   0
0.9175944651062594   -0.36135132449454727   1
0.5644014910714987   -0.314140230327978   1
0.8785747318931588   0.44892926154259577   0
0.009402783378755095   0.3652797640829647   1
-0.46303660523877355   0.8867644445793368   0
1.9829134329693427   0.34725675783316945   1
-1.0303898794611197   0.1619160981024811   0
-0.9998921512894148   0.048777247765422055   0
1.8258412284132246   -0.05165021228887891   1
1.3758893343060243   -0.4438623157000058   1
1.515893830773774   -0.3368468850043579   1
0.9977517539928653   -0.5736836376365791   1
1.864937812924954   -0.15316240616789573   1
0.26092773439422456   -0.2696241277825226   1
0.3568800360986876   0.9076116890477722   0
-0.5989782822429062   0.8906034596145005   0
1.4132003624909146   -0.35006222619118393   1
-0.9288249295226708   0.3910746817214972   0
0.9072702362712192   0.3550898175375538   0
0.7795839496993691   -0.4525028083645324   1
0.9224700267543419   -0.049034936487105454   0
0.7052730488205685   0.7705442276769819   0
-0.9384808698525485   0.3673122897733254   0
0.8599732313690359   0.46779653115913444   0
0.2580214806379766   0.9318580655157449   0
-0.8447956853992968   0.4010346272841046   0
1.8165980367208026   -0.18889114036565724   1
1.5501633205141754   -0.361776244255127   1
0.8580359707931307   0.5826938252142335   0
0.9399401005756127   0.46963498564027184   0
-0.7987928228402714   0.6123362582175147   0
-0.07567715270630508   0.9362300433966488   0
0.0875143141220784   0.08174113140218106   1
0.16601773731714664   1.0238176208527279   0
1.0161636593875574   0.014527109056179738   0
0.9706186899142046   -0.5018390793951255   1
1.2962727672905594   -0.3898142056007367   1
-0.7965090657338666   0.5229656560966615   0
1.1121622603255248   -0.4618700367924505   1
1.8586215824463383   -0.15906983879062045   1
1.9854966906581792   -0.06310171378337256   1
-0.2892950831937244   0.9059604791818103   0
0.03475464669993165   0.9158378230839064   0
0.27760640469023246   0.9881003448940698   0
0.188525327935829   0.11283664422541712   1
-0.08329155321268678   0.9844226730987512   0
-0.8679982306173314   0.4306417526622056   0
0.08369977737379987   0.22535837092100616   1
0.5395791523248793   -0.39534332056560867   1
0.04862234529196861   0.31101711000700116   1
0.9749824880937704   0.0679784977162021   0
0.9568105088180814   -0.5204435388690462   1
2.005990544882539   0.46850132825644025   1
2.026632274295865   0.203898483401609   1
0.36830472648165263   -0.2566198279998757   1
-0.8022363314552315   0.6425230752442994   0
1.9753582450749656   0.3464275711876552   1
1.0251911481233373   -0.06732994963360253   0
1.49280060505139   -0.3971823669820868   1
0.9574110724714615   0.1753425735314653   0
0.727131212117982   0.5855568367805591   0
0.9001407050826136   0.17010855203154376   0
0.05399279603284471   0.20902036221768905   1
0.22931813101404083   -0.16801668880634962   1
-0.8076554795918293   0.6148847229734317   0
0.985759511509789   -0.4702774369620958   1
1.0412036572708887   -0.5470944245820101   1
0.7380661960733718   0.49490383609432176   0
0.7156132275370752   -0.4644459248813716   1
0.8493704648790423   0.47416742691477615   0
0.868613463598013   0.39795428726007853   0
0.7488386758746683   0.7183454312745979   0
-0.36538619539640077   0.8240270980125252   0
2.115330585545949   0.4550189296081975   1
2.0505503464115944   0.20869486698466863   1
0.03254122355817865   0.11722246894065738   1
-0.9904446601255742   0.14801761627111099   0
1.4449392620453123   -0.4987837052693691   1
0.45249495377667526   -0.32797572355525983   1
1.4017672404038493   -0.35488828585266335   1
-0.9666245519913   0.08317024412944189   0
-0.9907073773451578   -0.0337237120884742   0
1.559299943576018   -0.33945509457884904   1
-0.6036232461987106   0.8816421640351184   0
1.0620166288587005   0.16561857276744069   0
-1.0144374763209996   0.1735836004787107   0
2.011593941278056   0.4366921650166181   1
0.847011483759915   -0.4224137688260853   1
1.883932722092252   0.16018478134329645   1
0.045438245988534645   1.0222330708832315   0
0.9234102091899414   0.4653246839227436   0
-0.9588520394269967   0.07905289827188841   0
0.9131641827303307   0.46656136554537303   0
0.48772455604921244   -0.41089149832758665   1
-0.4231888488835509   0.8233985731382586   0
0.3594559824633185   -0.26599522499516526   1
1.7847820737021076   -0.17316632555649458   1
1.9136224417962433   0.04709574805866032   1
1.6715220871333734   -0.21808561125791925   1
2.0726314043491114   0.5321881942234359   1
0.8384479233132697   0.5635920513577022   0
-0.9873954985008639   0.007796267886583608   0
-1.0534402034063115   0.23047878672694558   0
-0.9320382146873378   0.27619987217854447   0
0.9774492084914104   0.17162177698569725   0
1.3541531801112063   -0.4274018660690596   1
1.2920771146254926   -0.5361591087236475   1
0.7259109996855735   0.6644810866475878   0
1.2355110310006057   -0.46308457172333756   1
1.6804175461025697   -0.1762912779091439   1
0.06560350938791919   1.0128365113667752   0
-0.25821145353459657   1.0196354705285722   0
0.9368991521632446   -0.4279283852461328   1
0.15936361021989884   0.11496593384774528   1
0.53907942326463   0.8109873591694823   0
-1.0023978606725668   -0.03565112310903214   0
2.007092262140841   0.23472131579470512   1
0.7270407981764953   -0.4300088376465767   1
1.0083520152247407   0.12582413657407182   0
-0.7822576338798679   0.6053988498981139   0
0.7971041629595791   -0.5175081414076641   1
0.29202648393082353   0.9989358191700147   0
1.1174301534376938   -0.5003028635466801   1
0.5111160244283713   0.912228576375144   0
-0.8297577338680009   0.3165617327467417   0
1.0969688659074854   -0.517989313637863   1
0.45152542791025774   0.9648568170140194   0
-0.7599740864347928   0.6030548168337595   0
-0.19509250537855144   0.967613106224572   0
0.0845555304286372   0.9699036548266203   0
0.6976252215166906   -0.47065686091725456   1
-0.7582288286044295   0.5514520708818059   0
-0.258172652680407   0.9772103618471828   0
1.446195330596776   -0.4337788062972418   1
1.556748772765618   -0.2671391676534728   1
0.6617493217027409   -0.4631261661762177   1
1.2102973532438208   -0.4395473729572142   1
0.45856096812415775   0.8529129255846176   0
1.510239196709105   -0.35903373847263736   1
0.44096996784271625   0.9150927748877956   0
0.427030599449724   -0.29420668612288975   1
-1.0216239421656061   0.2602846661241096   0
1.4539399921075955   -0.45601693598366516   1
0.9383101197452098   -0.5530335628403087   1
1.6748269540245297   -0.22247780544662774   1
0.9351455383088637   0.20450781126664233   0
0.3117574289528776   -0.18100518266450347   1
0.6339472532483947   -0.43538357135907496   1
0.5916479318494704   0.705617988425477   0
0.6628872132895814   -0.45876808870559194   1
-0.09337703662972735   0.9756743986391144   0
1.9522812768850855   0.4205525743012286   1
0.833451437599223   0.599612865647036   0
-1.0656366204554417   0.054484817259014134   0
0.13450230586555326   0.0011019992235639445   1
0.5195939995181711   -0.38535145531498355   1
0.9251864549345717   0.38709053053610937   0
-1.0007239131893733   0.2676185380696107   0
-0.8347086311857461   0.5499367442852682   0
0.42382849827352315   -0.31100309077552146   1
-0.9588833331778115   0.40770339651947984   0
-0.536643611734847   0.8604665123712156   0
1.062980841267938   -0.5433807570403275   1
-0.73489911865686   0.6687646288925847   0
1.916707624130003   0.20756721212008417   1
-0.8237471210704095   0.6122154540865551   0
1.5263331181336002   -0.37841251076301946   1
0.07543003168341764   0.2950348581004324   1
-0.4456309686551225   0.8034213984024567   0
0.7241178442843301   0.6184229215057598   0
-0.03101751860207641   0.12179445583446016   1
1.1334488384354078   -0.48500996533226176   1
0.950275289011992   0.06158437336932783   0
-1.097729296949796   0.1916392998679618   0
1.9900068190000377   0.346945575067022   1
0.25736365219553553   -0.23491990040959437   1
0.012868577840121569   0.16279267122927998   1
0.19278800537555701   -0.09548532569089876   1
1.1281429994881065   -0.47766393806042534   1
-0.9288347241078806   0.23715459854813142   0
0.14189798529404585   0.006549776380787339   1
1.8524460056647736   0.07784658907837502   1
-1.0083121585594153   0.14035920106956093   0
-0.9804932875013332   0.22455017836538266   0
1.5890202085933571   -0.2925081721612402   1
0.058290508501078184   1.0453663455745406   0
-0.8008368492250411   0.4120822257817629   0
-0.3891452076675899   0.9168837036482488   0
0.5423717796223121   0.7806902229454035   0
0.3022342549810241   -0.23453227045692995   1
0.5271313352189593   -0.4784913237633056   1
-0.5243623365033566   0.8325623801617446   0
1.961411223686853   0.19473837140720626   1
-0.07909992597015253   0.9374375390436085   0
1.9466621889822067   0.4529177883352511   1
-0.36888168099572494   0.8817722027409687   0
0.7535861000978179   0.46178888831753667   0
0.029236873487273662   0.3681471706537437   1
0.06107357200003091   0.22382885681046216   1
1.9620578246958862   0.10416050449556083   1
0.027090381852437322   0.9769383458602416   0
0.08385262420419064   -0.058279424176730765   1
-0.6473924932073897   0.8253718643046599   0
-0.8936047713735682   0.5452288072916236   0
0.17777709730596475   0.9925840659566743   0
-1.076929329144769   -0.06026498311510821   0
1.426665055468245   -0.3705213474134482   1
-1.0065027554800934   0.38287144748021595   0
-0.2481557433273266   0.9581923851882262   0
0.8019222742851051   0.6101430296092513   0
0.5203874918661634   -0.28344050637375406   1
0.09471606487109889   0.03863570881303702   1
0.17939123007013733   0.9218794322605253   0
-0.523155977540809   0.7987728163247783   0
0.6897168976353357   -0.4315512191014125   1
1.0210082481146532   0.3713124807716807   0
-0.643382673273037   0.8746349595880548   0
-0.9535239502439464   0.2973851119228679   0
-0.4477866518848799   0.9293909609244337   0
-0.10958150955161464   0.9621090501572611   0
0.3065159297961002   -0.32543774942416953   1
1.2025465576830914   -0.48307828791360796   1
0.04568667649226082   0.28093163057144027   1
0.38100783109800396   0.9059174706937854   0
-0.9963485680398386   0.014956422794694585   0
0.8441502987039868   0.6905915985558434   0
1.9556147312748595   0.4820789872771704   1
-0.8054537602893906   0.6179007827541797   0
1.9642398642290926   0.3266433677308933   1
0.4403280497701857   -0.3633036609122518   1
0.1114711097509003   0.8942343882633503   0
1.3484682181746626   -0.4956545737980346   1
1.6651447672620576   -0.3137250211410035   1
-0.2587501452827614   0.9552674424825572   0
-0.7282191774425747   0.6669804779006844   0
0.0515565881063924   0.40101448973694265   1
0.05473185466119739   1.0406173902380569   0
-0.13754036116334115   0.8883934782741861   0
0.38313994432695064   0.857727143671512   0
0.4458112520625231   -0.37423448632873846   1
-0.9818299130204349   0.104023413744742   0
1.5061581818359333   -0.34742829847534623   1
0.7448332354180969   0.8140633269330076   0
1.1478807826012896   -0.5465125076897708   1
1.7457179295038234   -0.12870896163725132   1
-0.45621413982730524   0.9632106267303078   0
-0.26752284437513724   0.9991206856725778   0
-0.7802224240233185   0.5468757654252098   0
1.362628518467698   -0.3462599386969922   1
1.8512530338769553   0.03562774683254455   1
1.1125390989863209   -0.5246149536793255   1
1.9976651265166896   0.36131612501139243   1
0.13343178483706686   0.005403201050546615   1
1.9252217696263254   0.2911112232711632   1
0.4019943290531636   1.0011956223320906   0
1.793687933589681   -0.12211279969565095   1
0.7839378104249106   0.7052450298984085   0
0.2575660551520068   -0.06538902583717658   1
-0.692808945622271   0.8946798651832685   0
0.02261485517590381   0.35030729518298276   1
-0.6500236629687939   0.6381740959005395   0
0.3105269088017017   0.8912989897424154   0
1.6457760172759803   -0.16164686057011657   1
-0.03433085501023044   0.3958529952302428   1
1.6819619201762033   -0.3320538458894575   1
1.885669174713466   -0.03561397149996638   1
1.7273257439709153   -0.149186472541823   1
0.22205091548104533   1.0696756989911118   0
0.9066248548674283   0.32995070600796916   0
0.3323931063831221   0.9589509749481868   0
0.1722596414236403   -0.0766735342091565   1
0.048842912840145046   0.4373915799142593   1
0.22537045080748228   -0.04094357751183276   1
0.811920794772758   0.6377056077893468   0
0.8278438140277343   -0.4972100713370469   1
-0.3852091326923611   0.9169666260958672   0
1.031666785189571   -0.04820620184655124   0
0.8862017749656612   0.4214550335879025   0
0.8384284474991704   0.5384674403551417   0
1.0046107866916412   -0.43244298218358546   1
1.0122438811920103   0.3686082026430398   0
0.6950493256124073   0.725851749452201   0
0.9598465008216746   0.37121008497648705   0
0.04288106831435085   0.9532309810352417   0
-0.8581775050000899   0.5209956020266127   0
1.9692553632416618   0.2427669310930503   1
-0.4756852275790864   0.8151957945958351   0
-0.7132786573254681   0.718035719897417   0
-0.9394945250803656   0.2680706246096371   0
0.09746474180208474   0.03265709475591505   1
1.9848596020153684   0.3019568219743009   1
-1.0468840118966585   -0.005355584921605219   0
0.9284354515022868   0.4699591597022965   0
1.026562977917904   0.3276257683740994   0
-0.6336843311737725   0.6518460862822971   0
0.44810823636694125   -0.36112047836394906   1
0.1830530970783093   0.037631886355663176   1
0.6447709323617307   -0.44939587467833336   1
1.9743124476272866   0.35326818440378427   1
1.9177048212188181   0.35676932729385313   1
1.2706943268346838   -0.5302184403955581   1
0.8106341451883665   -0.4142345565988075   1
1.8268835622461683   0.13505726081794073   1
0.6518655473866988   0.6966428931353592   0
1.3460028920991558   -0.3922449882320159   1
0.7829308479866157   0.5949776116777798   0
-1.022353881733006   0.18627823957600126   0
0.26902035011115005   -0.20817882268880694   1
0.1400409714576358   -0.018812081266756688   1
1.9315181799879233   0.2807643624946743   1
0.37961016995890995   0.8641457869445683   0
-0.0752777400228853   0.9354795582301654   0
0.019071346841957777   0.3254044936122129   1
-0.5285223714043509   0.8276761775451326   0
1.9759049271210913   0.3332725661511515   1
0.4280142517912094   -0.32863530927469464   1
0.7443828316350822   -0.47734384691264314   1
0.05289391330583544   0.44543037749859576   1
0.5312415958376201   -0.34236446030959067   1
0.37412952353216083   -0.24943476020298017   1
0.7497274407679944   0.5161233881032661   0
-0.8862318868670541   0.4095952532833099   0
0.3243125719738473   0.8548135804049879   0
0.31104653061762066   -0.2087766707715647   1
1.563740529903055   -0.332848935023017   1
0.8812536748503997   0.24578721384700922   0
0.9380129694496837   0.5554923942749097   0
0.8634901818498598   -0.5642411751580341   1
2.0013133412016515   0.40897489675349985   1
1.7257286022567047   -0.22036241808018597   1
0.1369852194325675   1.0228311430615533   0
1.400714436719218   -0.5047473752967313   1
1.0388546267989196   0.4180666382163181   0
0.9712847653683483   0.09242751059432691   0
0.5419860385832522   0.8665699019798344   0
0.060726119504946455   0.11782381179988283   1
-0.8422693877734424   0.15198331589966504   0
-0.4552440978337473   0.9498174151908763   0
0.03526295687737175   0.04835455830646703   1
0.04241249818301272   0.11816460599206799   1
1.8116941316128865   -0.09702617387511499   1
1.519527234434372   -0.33429325631961465   1
0.687967013617927   0.6214619193600905   0
1.6875036055892543   -0.23949555581003026   1
0.38644139052559756   -0.2252987297549228   1
-0.2013686543939285   0.9279767328060923   0
0.9909410830110926   0.3205748682455747   0
-0.38759282011719504   1.0098059100122705   0
0.012378751908073894   0.9519534161307026   0
1.983513825917789   0.34783473194805636   1
1.9844673058171742   0.2730215024372406   1
-0.3675219347341545   0.9325182820389375   0
0.05023771681198895   0.17572202217669516   1
0.5693038799839137   -0.3727294411995478   1
0.8076231008704626   0.7113558141546419   0
0.8045935441932108   -0.5081146223948163   1
0.4470713501402757   -0.33669721538375924   1
0.995325928242854   0.19327240187298259   0
-0.6357982890150586   0.8466968718518356   0
0.9740018471833788   0.2698843299427344   0
1.8159694465007084   0.10120297924585064   1
1.6485693938140413   -0.3014435267015434   1
-0.3652700697621897   0.9391304783596234   0
0.09424069739025458   0.5237564418683915   1
1.979568152470403   0.4806947519622363   1
0.7317093700203763   -0.4652348784150877   1
0.05037224131927959   0.056824375924635864   1
0.8868494136680649   -0.5544475594996279   1
0.7711258018479064   0.5864384595733261   0
-0.9227614444115033   0.375944717785377   0
0.6743171684918113   -0.42649437637929183   1
0.8334407734346173   -0.46270895781498594   1
-0.9744509154501503   -0.06063438656204798   0
0.5428847179352297   -0.5144709605923868   1
-0.9160865411549388   0.46921880134094673   0
1.820062855552151   -0.027484008272793715   1
-0.9130162911403181   0.3438999386960598   0
1.1613959247253027   -0.4673742109734716   1
0.7023881249611194   0.699391392583937   0
-0.45784437637025915   0.8551956905887227   0
2.0908344444499285   0.2972531096039662   1
-0.872974349563714   0.46646479353693576   0
0.41566287727334283   -0.3520094137033174   1
0.5330586841110143   0.8393313713649595   0
-0.9378901505612686   0.2472020750130783   0
0.7397925272156571   -0.5386504077654051   1
0.02713096415112285   1.0396195551439087   0
1.6644288336265418   -0.2088138050475088   1
-0.9040920453465536   0.32537559254268944   0
0.38533911628040673   -0.3293593804396578   1
1.4590707398195215   -0.37334476728056926   1
1.3393107736482308   -0.3796254999820895   1
0.030786718153578106   0.1963723809234769   1
0.23103000142711705   0.9885893458929542   0
1.809668472366   0.0712225392115512   1
-0.6313595092136524   0.6870984032131535   0
0.2289091917506892   0.020705310075409558   1
-0.14533834942430057   0.9182115232410885   0
-0.8412726047537171   0.5927034076983244   0
1.456949865036743   -0.4524416844625571   1
-0.11554401387830149   0.9397641758274239   0
-0.090289686713759   1.0149195799381572   0
0.3823440660294575   -0.27437034099621055   1
1.9852615605780806   0.23278948911263414   1
1.6371375277695321   -0.22429820895122474   1
1.1932992826807898   -0.48011276617119536   1
0.9596366548351103   -0.48511625631957356   1
1.0105976303870603   0.09007590210958025   0
1.9184561086419096   -0.08304917939830685   1
0.9894856676181035   0.32937435000700394   0
0.16063633653925732   0.8812851410198399   0
1.5451509136138415   -0.41849397808822675   1
-0.8462365483226391   0.4402608176701409   0
0.5775033784995633   0.7874567271584215   0
0.6465184021011018   -0.4133029565581095   1
0.9910179324936834   -0.5256792163299053   1
0.9269828251346693   -0.5432958350322705   1
0.719595449705113   -0.4207376836040553   1
0.6717289336684967   0.6413528342071751   0
1.6352751366462104   -0.25238426812514786   1
1.5332630891144967   -0.3212861547786738   1
0.10040502756358301   1.0204720353007537   0
1.8938350486486173   0.2722242814282769   1
0.16465390488069723   1.0128236686555712   0
0.04168233974614764   0.4698376110550899   1
0.03542194827602226   0.9860977485056192   0
0.24657593009988393   -0.09425872711744868   1
-1.028339835494702   0.16544579948117588   0
1.8141383751759765   -0.12311611656384187   1
-0.7537568580106893   0.6989935827218531   0
-0.2477735886021302   0.908668385530081   0
1.8252205810643893   -0.11794791678265121   1
-0.839037180428422   0.5618753033724602   0
0.8787341612243359   0.48847564638648244   0
1.7569731746892459   -0.11731765756946286   1
0.7290112837463179   -0.4454684409691381   1
0.35729456066502724   -0.21437957034437177   1
1.0421161495992708   -0.5398699798467372   1
0.9324533411380284   0.27096244066212805   0
0.5624413133022499   -0.4707815517678281   1
1.0393174009812198   0.06439253802351014   0
1.6556360252547282   -0.2073391836367545   1
1.0044637668440801   0.2849666320458085   0
1.515504558706335   -0.45771936204898045   1
0.14794080011892677   0.4197502620687097   1
0.890338822927405   -0.42116237034672505   1
0.6010692636562555   0.8162555436749545   0
1.495291148503021   -0.3322621990131313   1
0.9382889362160926   -0.5427010023714213   1
0.09204574904703905   0.09130720131002895   1
0.1743116977334662   0.9772926568795088   0
0.25261657916592917   1.0636609719874774   0
0.1796576776616041   0.9686159905927211   0
1.808549294453352   -0.10503222620549882   1
-0.24297321570534416   1.0559072420940496   0
0.7933878475032166   0.5870291049214551   0
1.0428070862434373   0.09509981368303537   0
-0.3155006149430551   0.9451473428824696   0
0.3271001871643099   0.8949996620224954   0
0.912641182505203   0.11557588883672752   0
1.601555049907719   -0.2427454926024591   1
0.6266911139671371   0.6586602349364276   0
0.13258719792990661   0.04748800150851771   1
-0.8924136869321637   0.4099357629777512   0
-1.093664560900832   0.04524539797352022   0
0.8639617882691114   -0.456493156695033   1
1.7368984531605272   -0.17149852701675142   1
0.4026206761925485   -0.22392390211232657   1
1.940035517232052   0.16068050491337893   1
-0.7222418886900354   0.7585501654158513   0
0.14875437437454891   -0.08094035941207084   1
-0.9329089770289157   0.4136391517169515   0
0.6340300388786917   0.7578222711171689   0
0.8939669433723163   0.4244283289515698   0
0.4818403491422703   0.977572091543385   0
0.8152330344639412   0.39097073273163807   0
2.022289280880543   0.3288830033194758   1
0.13980145331349236   0.9973734368419297   0
1.9316290833456935   0.2898832153347889   1
1.1557545815430874   -0.49951179596363665   1
0.5465573242638286   -0.3914267881524931   1
-0.822421748837399   0.49278468893278493   0
1.8911390185123547   0.08688347800799535   1
1.6304059224774405   -0.23763915526263668   1
-0.8361941847533274   0.4938680177903664   0
0.9738135028552021   0.040848011744337276   0
2.009247637254454   0.3857036671867013   1
-0.027708507612082635   0.504334655485768   1
-0.9542144694775013   0.1404139026110839   0
1.141143703185118   -0.5152525349673365   1
-0.377664618074227   1.033677586776965   0
-0.24863418195895243   0.9961999356159784   0
0.06143956478896451   0.8942428733923191   0
-0.08458603114944357   1.0102140555017394   0
0.23426672588252198   -0.1413937760647896   1
-0.8709578901515895   0.5039622878427508   0
1.976681047670627   0.5132072141699868   1
0.1427804656412073   0.940617347308304   0
0.14348929406492844   0.01870030040276323   1
-0.5443724324008177   0.8388237133619858   0
-0.12158512262680464   1.043248898808798   0
0.5828742369473392   0.8790851906108765   0
-0.07664555544851119   1.008076979073578   0
1.419250562410336   -0.3717498981702606   1
-1.0009496732228773   0.25934393640727643   0
-0.21015090368742392   0.8891841152858736   0
0.6639069396755   -0.36377853875787286   1
0.13767988830191225   0.9246892773374489   0
-0.5739018622921476   0.8547414739784218   0
0.825150279089478   0.43148274427171823   0
1.2675671965780697   -0.3560457430716831   1
0.9170313562848029   0.06594589046656847   0
0.6750005146865318   0.8006618757660822   0
-0.9671440387972393   0.2960803648655696   0
-0.42064263483640424   0.9115942308693581   0
2.0545397042959803   0.3704053859522815   1
-0.9528397435465287   0.12088813315692719   0
0.8807243379998442   0.5096581170324773   0
0.32799287310951825   0.9050281624539148   0
2.067498456161811   0.34977085206749126   1
0.10482558071801094   0.24303424061382994   1
1.0573732802565439   -0.4793161154460184   1
1.8131496572398489   0.05977640765693036   1
0.3924779417434447   0.9067607851005919   0
-0.6785482619264407   0.5334995405940866   0
1.6573717301813116   -0.1761493687396833   1
-0.02576790024040021   0.8916311022866593   0
1.2292847433037366   -0.4298945622377245   1
0.8911950946750379   0.45237583836126805   0
0.1585748746715583   0.9760512518754197   0
-0.15856305818811037   1.066266949169652   0
1.5369301955601762   -0.3830951742791035   1
-0.7997507351780524   0.6394665075783312   0
1.9345537698978428   0.05507618810305262   1
0.4286761538084908   0.8493321384943733   0
1.9301443618545648   0.33400346135254355   1
0.8745903996667336   -0.4585417354386235   1
1.9601050299769487   0.32348511455685525   1
1.7192918477015176   -0.20259522908253677   1
1.6131883382051282   -0.24696178386719192   1
1.8089798657924292   -0.10468054484552415   1
1.0983772263919955   0.16761224501797745   0
0.7707870303526455   0.5784835598352027   0
1.9324014146460042   0.015734486654420437   1
0.28250778694082623   -0.1941411806582798   1
0.9624340645129787   0.1526829716874279   0
0.8790259256477614   0.2118427273905989   0
0.3849535986385611   -0.2949331738076199   1
0.27210085531018763   -0.1689851071107493   1
1.344569153052385   -0.3519685121314861   1
0.8935301200844732   0.4254003757518067   0
1.8435626684252926   0.03561249584634809   1
0.23672822351994902   1.005889776303094   0
0.944708949222371   -0.524842283714867   1
-0.8211819246346984   0.5265006882349206   0
1.0148044784880224   0.3084715483908718   0
-0.14061044561929315   0.9761816733706413   0
0.924353769206301   -0.45611700538871425   1
1.7564213145843208   -0.2083116541834446   1
0.7604392537171126   -0.3950466325090685   1
0.2223208664894596   0.9521384030139662   0
-0.03191324494595244   0.39545973376857546   1
1.8536541983607526   -0.11800280169036319   1
-1.0651170161707162   0.11072893526706552   0
-0.47781287021012514   0.8943245347285562   0
-0.06400659728359372   1.0392026466979323   0
0.6942956239390783   0.6435679767465532   0
-0.8487098270205532   0.39722852923119883   0
-0.3794528659760571   0.9657532080971031   0
-0.7644219561508848   0.5891148881243125   0
-0.6586197927619365   0.7634613077534502   0
-1.0035872435001039   0.12273541338806329   0
-0.10805846202722218   1.0647985095672703   0
-1.0413611009362969   0.16008091363069732   0
-0.34754720001048495   0.87089648784141   0
0.035122539189720484   0.32613823222959115   1
1.6223985627121489   -0.29641550321870114   1
1.4551901043646347   -0.326939551255026   1
1.4663006545408706   -0.36646802523899585   1
0.4670675235127414   0.9397650929226893   0
0.5755481839894941   0.7885917722977676   0
-0.8546669628125741   0.4605523516781665   0
0.06208692576623176   0.14834210179049975   1
0.765513443664203   0.5333157142665047   0
-0.9757842452493865   0.20114635535712888   0
1.7009176849376795   -0.1778895480259891   1
0.8163515110563074   0.5648529944279287   0
0.2475912181337392   0.9525807683908182   0
0.17464717616214745   -0.2928640888646457   1
-0.8664587653871247   0.513044428179142   0
1.143271296730254   -0.5411338149059529   1
1.2974194692033363   -0.41164504269960145   1
-0.5979489204864152   0.7591555146231015   0
1.4336006067265783   -0.41828787951814467   1
-0.9849068164328961   0.15111299900557343   0
0.3064695266040477   1.0006840510553001   0
0.11531419162276771   0.029315287052717832   1
0.2136081468823146   0.04319463716334298   1
1.9914646778510379   0.5810984065048032   1
1.8408253676203998   0.09076586454787416   1
-0.988015844023535   0.15500189367521816   0
0.3558793653351252   0.9489778743786563   0
1.7240428746223089   -0.23709673946035634   1
0.15401930059279734   -0.025579105028526797   1
-0.4016531296421445   0.9100995862765366   0
1.7131975357486373   -0.2038124360016588   1
1.09819049060993   -0.4384407415367484   1
0.22186562735372586   -0.22004044186127725   1
0.6577437300928605   0.7715031955453822   0
-0.6179194943198125   0.6820130379722111   0
-0.4926981195934702   0.846314439094247   0
-0.09600104631141892   0.4544465170443416   1
0.4271153225281562   -0.2924849898018495   1
2.0296808695224953   0.3695391953475208   1
-0.24891616999721905   1.005019843679734   0
-0.2049863180747097   0.9143304173283757   0
1.00387506584764   -0.48948341095051706   1
0.4299859982782471   0.8043619765392184   0
0.04859541899514223   0.26445927746968967   1
0.03524735238320592   0.999878539753406   0
1.5856817857606271   -0.31022370908869357   1
0.3637630822298638   -0.09067960590756469   1
0.11627341636827182   0.14739412458079604   1
0.21687680602573106   1.0020231433064444   0
1.7337215388348908   -0.22928298422313687   1
-0.9697123166703903   0.4031396043593748   0
1.8659461408246905   -0.041241724963610976   1
0.1497318124004764   -0.025881729231343673   1
0.013528303449891073   0.3162696997779172   1
0.031208174463032243   0.3260754949437245   1
0.9787240698921714   0.06015804933681523   0
0.4753341530221171   0.9609418941801382   0
0.3306682810517598   -0.2379688662960136   1
0.013531657855527228   0.9621259950480354   0
1.9007065768062121   -0.06200441323564508   1
-0.7046397216966596   0.6939641739739951   0
-0.7882182297105976   0.593918043396794   0
-0.503096823972819   0.8179792695897877   0
0.25454182226179745   -0.218660072207761   1
0.4224326852454028   -0.42263330876729155   1
-0.9728784190693635   0.1203197985864056   0
0.25613940024263404   -0.13155191941766242   1
0.9120355730677403   -0.4520255702159326   1
0.22387823192932085   0.9441735206460229   0
0.1263328541482131   1.0709810736018592   0
1.8749196007315747   0.03798324965847427   1
0.21832607636787574   -0.14281592505399848   1
1.9621068476748758   0.4760602096664135   1
-0.21791326751321383   0.9585600764531449   0
1.971680811639056   0.15828073359838893   1
0.7883879838831804   0.6293035393693092   0
1.6426762725646544   -0.33757173393760487   1
0.26007184690941554   -0.03721211033957962   1
0.1865316402656464   -0.055852480969103585   1
-0.0009123427747539164   1.0270963159615758   0
1.2187053985017067   -0.4875965203915208   1
-0.9505378613204792   0.15474311135132687   0
0.3576190946690396   -0.32509349767992224   1
0.604273797925341   -0.4391377076355582   1
1.8704383906065258   0.0002684465881005356   1
-0.3618656521871321   0.9453627640376974   0
0.178534677187549   0.0621619146010053   1
1.581388904338478   -0.24552180844727944   1
0.0362157344890983   0.09831861779289292   1
-0.49385375330911835   0.9825488713379001   0
-0.6168116468601167   0.7848017327226976   0
0.9769239816734011   0.15706251642851216   0
0.7567356992582622   0.666428371230595   0
0.7127501010757982   0.7185718919012705   0
-0.9500784900229193   0.3710801803107975   0
1.5182555156943929   -0.3727325734357395   1
0.8595216950051567   -0.36685517790914646   1
0.6436234457855883   0.7122517626473894   0
0.7622213966423809   -0.4118337166428631   1
0.579353414729609   0.8592074656965359   0
0.24637215697543755   1.0342729253943377   0
1.9883202997156386   0.20945959978137518   1
0.7570221785276803   -0.4779324223051399   1
1.3186400619344048   -0.4201887444022097   1
1.8512363147808613   0.14170767280648597   1
1.9703986067061967   0.22278071142975178   1
1.1915219911382866   -0.5207471777492616   1
1.2508481401368354   -0.48221984411584934   1
-0.8756604335662295   0.5519307300214958   0
-0.8277942180749833   0.3971865890899302   0
1.2400429920723286   -0.46425285375968933   1
-0.8727255949298444   0.48861932660952084   0
1.0126559329013445   -0.44288082259799455   1
0.948251663937223   0.4098699450588542   0
0.042991309940472046   0.4008731471992186   1
0.6902248863365307   0.6555334624592819   0
-0.7441082932816273   0.43075681776428854   0
-0.4557782525780856   0.8646728618525229   0
0.020310301847219756   0.9498665538058855   0
0.895147301999806   0.41955474411855487   0
-0.18866894226671835   0.9827675716177434   0
1.1024463225238066   -0.444974146536138   1
0.19391411559518645   -0.0809688602721743   1
1.124261435100702   -0.5259496883728889   1
-0.697527209261338   0.6853119493420115   0
2.0576619428570284   0.48001409912515464   1
1.9966780562435555   0.29671691582220383   1
0.04216768072857658   0.92318765933051   0
-0.5771655950197335   0.794397487237723   0
0.06726603573908409   1.0081880197828057   0
-0.9038133558925068   0.4660575384698492   0
-0.861608685710975   0.4269073164771938   0
0.07326569202564301   0.035863431165978565   1
-0.6113036243988644   0.6781761291221622   0
1.9908604917387427   -0.010689502168943064   1
-0.9558148691045902   0.1100566714881651   0
0.37514587714015324   0.9598711285885164   0
-0.8285769828731967   0.4074467793129857   0
1.551376723684015   -0.34827192668929485   1
1.2416573676905942   -0.45056121137465105   1
0.07006474552407511   0.163429634665355   1
1.023588329073029   -0.03413777197676179   0
1.7620284535059203   -0.12019095475503655   1
-0.03474894421990435   0.3359614186924105   1
0.5683353495632778   -0.3622582821944862   1
-0.6476344931162166   0.8271441992011495   0
-0.3250713516336172   0.8726897342538699   0
0.4351045988699065   -0.3771090813944606   1
0.1528420520620122   1.0338118154949774   0
-0.3624961521658634   0.941277183865476   0
-0.35200668299837545   0.8427473176623288   0
1.0596936894918887   -0.47127692112309066   1
-0.13205437051413565   1.0066083872662812   0
1.7314029500847443   -0.16553342720616931   1
0.4571546177000905   0.8624547142708503   0
0.7928707339346658   0.5915755080063468   0
1.0510207533351024   0.09333097907874655   0
1.9441724251290673   0.11517370334300905   1
1.9015504976276998   0.18542910291594633   1
1.2577488976256246   -0.510342302662858   1
-0.1320910718297343   1.0610137864909335   0
0.08338505755634686   -0.07204348179437244   1
0.8284565745569935   -0.4361418537127646   1
0.9299441637774173   0.1403677546096353   0
0.6544870261361843   0.8210347241189268   0
1.0524937923543765   -0.508432865986523   1
0.6981017544281906   0.6618454914418548   0
1.9580225332549677   0.2060828406787677   1
-0.04632918521276108   0.44490219496247707   1
-0.4670842713467144   0.9265636641004639   0
0.9698561815288512   0.15115610886627603   0
0.6736897948741981   -0.4976138185529216   1
1.0833689426275757   0.1384985837516415   0
1.9200825009796814   0.1860052101376773   1
0.9243263700964376   0.1988700042174254   0
0.9793873875737131   0.3778786725121159   0
-0.0528327256316059   0.952812832522001   0
1.456091275107804   -0.46409933864634606   1
-0.36106055825486727   0.8582672389929342   0
1.597498533877539   -0.24136516745234887   1
1.7751762216704827   -0.17832617381411986   1
1.8613143211500478   0.04371139812148568   1
0.5578953245110376   -0.38839220447072637   1
0.08684800589624717   0.17234893920129105   1
0.7798320597197568   0.45446298647432704   0
0.24610165495801012   -0.1760936475455282   1
0.9089770395370911   0.3942751525674766   0
0.9876131178175189   0.2834535468668058   0
0.7673951537332521   -0.37864901358087566   1
-1.026516005365748   0.08100677813480901   0
0.7383753085418959   0.6628491542597663   0
0.19715029579543358   -0.2058633369510156   1
-0.7585496229352802   0.6646621574595181   0
1.9402698126404037   0.03399658722857374   1
1.8413304166000763   -0.06779131302431021   1
-0.19556765456667347   0.9538944421010334   0
1.969709906065744   0.5449904489484149   1
1.9851192194111842   0.43306477413310357   1
-0.7114101154687181   0.6996983503834725   0
0.8683472151835905   -0.498394236281746   1
0.9691517992299669   0.23850198740197104   0
1.3138724472185659   -0.43146643428180464   1
0.9459948984527793   0.030802086275126577   0
0.0601859801315147   0.2551680491254551   1
-0.0019689759628407043   0.3365075985843363   1
1.0443584779352049   -0.5468791868267522   1
0.4304783868475678   0.941687949800072   0
0.09776594448999526   1.0306208507219086   0
-0.917171147141265   0.10734927903654344   0
1.2493759118932628   -0.45068690233697195   1
1.9919084984797752   0.48608210940419666   1
-0.18061594879366877   1.005582886775649   0
0.6664983390765485   -0.47564884599157237   1
0.2615441924740813   0.9973883885025058   0
0.5357122985368341   -0.3260718475584067   1
1.89877590182271   0.12994432960055843   1
1.4509877232014101   -0.47175923310631596   1
0.7814092707099125   0.6514860442801247   0
-0.9342239432951625   0.2834787093075463   0
0.4121173060167284   0.9188280451845587   0
1.613987364412284   -0.26681512736464347   1
1.2554591936147348   -0.5048965837789126   1
-0.8770543949811674   0.5065369681542408   0
-0.41544555505432124   0.9974772622817223   0
-0.18873226575030377   1.0152017617583378   0
0.12026809990369695   1.001654609697019   0
0.03046908945836027   0.9568689944014007   0
0.5768517466112483   0.9105180145837043   0
-0.46775597334828733   0.8465731087676567   0
1.546425493550671   -0.3695988606639452   1
0.22588755724667975   0.9735319450374075   0
2.0389252411002663   0.15350627280033313   1
0.7633890340956175   0.556573762643284   0
0.10223896247335583   0.9806897812573896   0
1.9347004735872693   0.41477413437367694   1
0.8675081374581213   0.515581834082896   0
-0.4950428951685868   0.891636875382929   0
-0.23274808140641795   0.8560077909966135   0
0.6026301360787688   0.7348856147803773   0
0.43980745973797114   0.8516542305001134   0
0.9466141078689108   -0.4430426511092626   1
0.0725831580867964   0.09364706728974706   1
0.3978288763254588   -0.2344530808987273   1
1.9863186283176706   0.24086705063834735   1
1.1342212663862994   -0.534758722708219   1
1.8126573294132071   -0.06510109531016159   1
0.028013111788877762   0.48972602027946355   1
-0.3988833816454515   1.0346537587369913   0
0.8052407921726444   0.6046721073833332   0
0.9017016274320865   0.4442130933879762   0
0.9613103211049083   0.09568733244356578   0
0.6677894164610538   0.6911648527649853   0
-0.735770929148595   0.6838794140924197   0
0.9473252065538991   0.3185032266042351   0
0.15944446400655518   0.9732051349255318   0
1.0367086285612175   -0.5146511437376121   1
1.5173818679658984   -0.35994371520772583   1
0.5228361787175902   0.8828376086127786   0
0.40473259917648946   -0.3387202601147102   1
1.033337461213276   0.24333778456937588   0
-0.40894442734178155   0.9052669201886931   0
1.0446282044834345   0.12600562214426492   0
0.6084692817319296   -0.4769806417240194   1
0.8627800189711464   -0.487131669612027   1
0.3865726299177391   0.8632464898461557   0
-1.0108076982112784   0.19597738535783443   0
1.410386337843562   -0.40561817444519066   1
1.146301942847272   -0.5313813813424557   1
0.9144801780245003   0.3602049278502005   0
0.45797240320715693   0.890538833354892   0
0.9003022638292306   0.4473372796884196   0
1.5387218917583594   -0.3261084074161714   1
-0.003046608826791964   0.32577644456422966   1
-0.6281769893750697   0.7742438184156188   0
-0.8340586015748729   0.4792705603209353   0
1.8803689243794912   0.1086851747347582   1
0.630631259873173   -0.4057828479659324   1
0.42305414729655966   0.8676995105217256   0
0.6388257184272088   -0.48463772545909567   1
0.42728402599422133   0.8408746415353275   0
1.0739686353087097   -0.4768619705706584   1
0.6645694349459892   -0.37676660174074383   1
-0.7613663253132601   0.6147116790723713   0
-0.07406229157766116   0.4801132889747273   1
0.2165556952709586   -0.07171373250604626   1
0.35997774865207416   0.947770230703685   0
1.606083956985402   -0.33362356484130573   1
-0.47751364368578225   0.820714884512373   0
0.04569073355177541   0.4395683941198943   1
1.8727432786345783   0.038238458232215985   1
0.8917304472476466   0.4155038210894612   0
1.5584005981647708   -0.3409798658461869   1
0.07560754344941016   0.49602214245978726   1
0.32344747772063814   -0.19983756934538133   1
0.9988019345616909   0.2638940796672437   0
0.09823975326861482   0.1887177034929251   1
-0.026268909444776497   0.5623777158610311   1
0.7735771956525463   0.6522579327457733   0
0.3758584673804368   0.9084661443782298   0
0.7230102206150846   0.6020683435170383   0
0.07994747341019581   0.05902675905921131   1
1.3686997081183927   -0.44529713283466554   1
1.6209567022943565   -0.30844586938745994   1
1.4905990634591186   -0.35194442936106635   1
0.7340973173357859   -0.5146073804868513   1
0.8756668323960707   0.531921600063737   0
-0.5156923231323218   0.7913166112826628   0
-0.5360820139593707   0.8674570278606505   0
-0.0486171281594106   0.4077114467918441   1
0.14016962340371691   0.008047767265775815   1
0.06515982203963919   0.33784253765533695   1
1.1564382894450598   -0.3899000189858463   1
0.7113058524178408   0.7063052341585558   0
0.4786204912784073   -0.38454466194297676   1
-0.6180088656990367   0.8268064853996028   0
0.07795832881167855   0.45355166367826677   1
-0.15866496031076627   0.9494027771183476   0
1.918444052784571   0.2786043751901889   1
0.2047685248568672   0.9492006724364456   0
0.18385940336949505   -0.15195403064809576   1
0.13198012654580993   0.9333983233413254   0
-0.38047945403188327   0.9363373379952726   0
0.7790197009000901   -0.5103092065186849   1
-1.0587742699134608   0.05562762908660202   0
0.06803946391471269   0.11752168972845004   1
-0.9611795368420717   0.1797926486136342   0
-0.8277343175740728   0.5454393871838832   0
1.0623790313527883   0.1310764040658548   0
1.819110399048235   -0.14714126781340867   1
0.6964209235283505   0.7544396184649883   0
1.182269572017826   -0.4173092386585107   1
1.5704336426552084   -0.3753382686713314   1
-0.026042990666188304   0.5107204865844921   1
0.4189303674881515   1.0001590571374384   0
1.6583054355323161   -0.15830009265646344   1
0.5429687123964144   0.913387646353384   0
0.6545836097867066   0.7112280491343114   0
1.8780212116962334   0.07628277281086597   1
-0.8456210001385858   0.5013991444345725   0
1.2480084115551269   -0.5142764664568813   1
1.0141936779141894   0.04271391002451226   0
0.8880694089894273   0.5127924250785856   0
-0.8720471253325607   0.3446929329302143   0
1.706237541792908   -0.18180293123130917   1
1.7987533679587315   -0.2756011557492605   1
0.08779852690110797   0.35207676723119874   1
-0.982834507688407   -0.04522178812979376   0
1.0209776812684386   0.3108242139328835   0
-0.6124995918859197   0.7906134462039685   0
-0.25868261928912356   0.9949730921476507   0
0.562567316190772   -0.4231601179741144   1
1.947793565955773   0.16913883788086814   1
1.6676660432567918   -0.21244012509090537   1
0.46845197644093234   -0.32899687321368687   1
-0.33144567225561156   0.9459504172203347   0
1.3641293144327271   -0.3959529400054574   1
1.9918991594903643   0.2818440332774545   1
0.4008358327241769   0.889714217241002   0
0.6141398804656694   0.7786129664661046   0
-1.029590911566117   -0.036924122090367384   0
-0.5718763405908283   0.8650934450234755   0
-0.8279117807275661   0.357531281473304   0
0.5327673662816155   0.8905381091552357   0
0.6769429786443971   -0.5047409229760189   1
1.8537382433457075   -0.050954200016749863   1
0.28880490486551974   0.8820009925583104   0
0.7545184017391481   0.6837853652504291   0
-0.654340707007054   0.7957496216170266   0
1.1294374536418839   0.02720508198674139   0
-0.49424939482783414   0.885326310313899   0
0.7659257958135847   0.529662566009875   0
-0.026721369762601144   0.4726451323458257   1
0.6382176165042657   0.7631129487882053   0
0.3359312311259692   -0.22027576634338975   1
0.19748588959839378   -0.03574329003089617   1
-0.6954523512973853   0.7782936614736939   0
1.7827917928105355   -0.18734467608318167   1
-0.9335932781129834   0.30353762036846726   0
0.048448570920225136   0.5143216622253831   1
0.47413446216199157   -0.2360719418640395   1
1.776204557387446   -0.07447387926874935   1
2.0008306670925826   0.2779154808145263   1
0.9198831689468898   0.14682187804388852   0
0.9688598337010573   0.3485892175421236   0
-0.05317247832204823   0.9201176028318881   0
0.37389819533654095   -0.24050899774446088   1
0.9697669121505835   -0.5079703642164816   1
1.1459319185399988   -0.5295887759331933   1
-0.4913827754627853   0.8306342289101912   0
2.010434642343953   0.08310420039296282   1
-0.8740673680034882   0.36848292952173733   0
-0.3591241326754006   1.0081241794102425   0
1.7721564021970055   -0.13661289256070472   1
1.9941650823740151   0.35916174783303834   1
0.22661027707992942   -0.032947319114827206   1
-0.9228152297075207   0.2621221424905887   0
-0.8082674393225056   0.5682179684916107   0
-0.9674752144345604   0.11853555453392674   0
1.7843587026536105   -0.05098845918300908   1
0.4997630117275641   -0.3830501305143449   1
0.36772747615000223   0.8492054417447309   0
-0.8670321744199404   0.39493882559183074   0
0.42680904851204426   -0.22842773429889612   1
0.36342235735331113   -0.18910794068469744   1
0.33962790470423143   0.94533908746704   0
0.4134285209183765   1.0324864560526892   0
1.2141196703391695   -0.463364609282232   1
0.7934065619009475   0.5331847682832525   0
1.2987873164403767   -0.46796174503049337   1
0.7620737463630005   0.549671050342782   0
-0.7264225708058831   0.686284711651142   0
-0.780441858845657   0.7297149508505028   0
-0.8367580002857647   0.5085041281447615   0
1.001107172749418   0.3230473175530715   0
0.10341385769153816   0.03764469274394225   1
-0.674276596911014   0.7703967212885425   0
0.7769520395526733   -0.5193641279378046   1
1.6040594529980083   -0.29797715027103683   1
1.5034927480231566   -0.4402414619467029   1
-0.2613420105394214   0.9939661718851457   0
0.8190247729765373   -0.49505214809806486   1
0.5994767324531443   0.7871216986221171   0
-0.008251824043713964   0.27305471992995345   1
0.6128582384683811   -0.38283151020779554   1
0.4820563266378046   0.9744241228159469   0
1.6240890991626984   -0.27886070631278753   1
1.0893689452474287   -0.5754956238736916   1
0.9082737298087044   0.41050700067756574   0
0.9580982344792945   -0.4853161625784334   1
1.762678329242534   -0.19452263569190562   1
-0.8869913732189758   0.377207871543512   0
-0.8908511382314688   0.5538029468317117   0
0.655488332839945   0.7687268164343454   0
0.2911891345770635   -0.2476169126512354   1
1.0748457004263143   -0.5125671990928046   1
0.3170479502811434   -0.2985247212627945   1
-0.07498280766160326   0.9522393444528131   0
0.017374795536004684   0.24866750614926214   1
-0.9809696291539434   -0.016634070249850294   0
0.3003704450102698   0.9671845281247603   0
-0.6911690837783363   0.6225334597061475   0
-0.7466698275792464   0.6266007959798019   0
-0.8061810316551206   0.685869325217991   0
0.6256155106639492   -0.2931590964458586   1
-0.653414994454876   0.759092379187045   0
-0.23956159992881143   0.9377090586194018   0
1.0421434461057568   0.0884138835862123   0
1.482487826144184   -0.32255489628505885   1
2.0416273815559074   0.44806359454632094   1
-1.0438320149603983   0.08222787754943674   0
1.4602600174549705   -0.4067689392816517   1
-0.4490092131733856   0.9732717320700295   0
1.967477299192003   0.31100032317093607   1
0.8428428174461253   0.5384017049096063   0
-0.008086283214770354   0.4875726714954099   1
2.0043852487752827   0.6146636170340931   1
2.0176310605582195   0.22454639050952144   1
0.7777752727030322   0.5501695341634008   0
-1.0337114487081212   0.05506806762120409   0
1.8791189628197196   0.00523682598062495   1
0.4724527301503519   -0.27958927653669063   1
1.72624518463211   -0.20567181722815897   1
1.3456013478219329   -0.4516477312640694   1
0.5091338227630906   0.8631486146935746   0
-0.3277532313505222   0.8606119814944637   0
0.7726965682759857   -0.5537944093685448   1
-1.037032770398615   -0.024624924345434923   0
0.2828171010241173   -0.27527565525789954   1
1.914210212653725   0.4913001554623305   1
-0.011818276911058821   0.5854646477133869   1
0.5893698049737837   0.7524691486772485   0
0.6261107598507494   -0.4661190662925113   1
1.8778910968796998   0.13122525600125276   1
0.11362990509796791   1.059838761564975   0
0.9230385324990402   0.20612896071596318   0
0.3745774519264992   -0.25099236269605035   1
-1.001311494584173   0.32713569671706516   0
0.6856036853422839   -0.532556099013935   1
1.366340949983188   -0.43252116924388406   1
0.033783213322861494   0.43832649359004056   1
-0.6889609317744564   0.7678503987411046   0
2.0662918496173903   0.3489179874161242   1
1.305902513966657   -0.34422388071383164   1
1.7573396647675215   -0.18475236032255643   1
0.43168983261880667   0.9558964646233251   0
0.9241979878995982   0.3069039809850061   0
0.8740233375734392   -0.41907071843581944   1
0.5707551125588134   0.8192835208404272   0
1.0252074230318264   0.10394580410133443   0
1.6891155711895716   -0.12471191950901127   1
0.07996503444406172   0.3248658673222635   1
2.0685004383408607   0.378623334403888   1
0.6227647675147571   -0.3506158135794814   1
0.0838029975006608   -0.026343756876066896   1
0.015128891517611001   1.0503426160748894   0
-0.02547922124985011   0.04427494852807406   1
0.03995297002606932   0.10067825960063492   1
1.4381952934318418   -0.4320835898097856   1
1.8835940449002273   0.09733293182699383   1
-0.554166167046854   0.8827496171297188   0
-0.04601316769648772   1.0635137105413315   0
2.0166091536591986   0.33294308006861006   1
1.8752741691257444   0.23284645936454856   1
0.5943727932541364   -0.43090734769829697   1
-0.051061932420727846   0.45996131101128335   1
-0.2068367498125797   1.0766782505364898   0
0.06027023069908069   0.2713198270084682   1
1.3958548750628414   -0.3846676377941375   1
-0.48451254773698027   0.8923504495425797   0
1.9729282516777231   0.3690428575383463   1
0.921694262790199   0.3231351036940038   0
0.2681224345246833   0.9087871881235711   0
-1.0606924232173547   0.34318303268339   0
-0.49353128694013904   0.9287473707292287   0
0.12205222702558882   0.11711370504411475   1
2.006011012826397   0.3606328744734934   1
0.8975657824900897   -0.5382410790926379   1
2.0352010574760366   0.22693003914190696   1
0.731999482341724   -0.5649494266131699   1
1.8247375246045787   -0.12512116307187487   1
-0.19395388789495044   0.8604939977620728   0
-1.150509368733783   0.27022361860347854   0
-0.01815037364860368   0.5714041365117191   1
0.1300295325888664   0.19612492602171072   1
0.03221023278417738   0.5241716701138077   1
0.9044781425603364   0.28472767065879656   0
1.4463118907270052   -0.4569359771948492   1
0.6187374198797143   0.8238542461935077   0
1.8746625410268716   -0.0299013078247114   1
-0.8547379495120508   0.342393114214421   0
1.9573038158817708   0.029600870181803157   1
1.9942289031833673   0.21789703217058715   1
1.8399250007597467   0.08200999281828808   1
-0.9382761401427481   0.1293453135746514   0
-0.4023625623615907   0.938947780411038   0
0.907670362980226   0.5467810291864967   0
0.11692959857354608   0.03382186777359161   1
0.4685761448356119   -0.29365301700449536   1
0.9455110776934522   -0.5438370565647033   1
0.5450784991693027   -0.3733919358984778   1
1.4014149775095048   -0.4100251816568016   1
0.6393493073239852   0.7336051312678759   0
0.3580646744068835   -0.2870418296620326   1
-0.8185822704838629   0.5599403784516694   0
0.25032701599866475   -0.18594839418062242   1
0.14125192847953183   0.06743608714309922   1
-0.9009066499504753   0.39345606501712677   0
1.1649165185525094   -0.4845245644693814   1
1.6163182180818096   -0.2864873002451148   1
0.10408663925991668   0.03198122295004088   1
-1.0339263673760068   0.08912381559298918   0
-0.09826857547822714   1.0404577154022123   0
0.20941180584719626   -0.2096785742531951   1
1.8038324495804896   -0.08176579454210829   1
-0.059503197268164804   0.9963116028509142   0
-0.48809420041126966   0.8867541935794997   0
0.13625185903145665   0.9232071628847639   0
-1.0122470153043388   0.3181378176945607   0
1.0008033289298517   0.0945505044757315   0
1.4543123703223075   -0.38025402090101246   1
0.4114063799289387   -0.27574589034618374   1
0.9594477700766973   0.08291545270447612   0
0.0648053779441844   0.10655889822704875   1
0.028832083585901287   0.1934065656102992   1
1.8461088576436955   -0.06183536256737803   1
0.4857008642315697   0.8895024646411097   0
-0.2800350928703934   0.979757231233282   0
1.2410734939910464   -0.4756318022300509   1
0.07909028324416553   1.0478411915987091   0
1.445303551887873   -0.3654637882274815   1
0.49761898921285697   -0.4185503876365301   1
0.33491248942820506   0.9975492112821261   0
1.408130906327449   -0.3606120579512806   1
-0.5285594779272673   0.7937156059012799   0
-1.0049551312475042   0.12527960973851301   0
0.7808218098824375   0.5099991400236191   0
0.740462694706871   0.6765667217865801   0
0.04594610464720135   0.28986508400954486   1
-0.9280051947236095   0.3266583418506358   0
1.3364788460001231   -0.4471503238428074   1
0.3402760067455387   0.8882866702278751   0
-0.3627151012749496   0.897859279450684   0
0.12027435134907874   0.14205394041337105   1
0.12305625324003724   0.12892614885700912   1
-0.9824179069110659   0.4150025713800026   0
0.8100931295500203   0.5925207401603261   0
1.7644157603837236   -0.32900109496897023   1
1.7816425358301913   -0.13562666639592902   1
-0.23351162115751495   0.9139311727737653   0
-0.9127880490196951   0.28948959338059643   0
-0.8948271302677675   0.22658050605381883   0
1.8497341068640996   -0.07782548998903718   1
-0.40635427658330675   0.960781611469755   0
0.9068279748335007   0.1937998601207039   0
-0.5086601084414291   0.6666196721126373   0
1.9522736209862097   0.049147110281224995   1
0.4957142932755837   -0.42143282850450875   1
1.0645714659572465   -0.4946224074122999   1
0.6162650668284321   -0.36264686000681806   1
-0.7983691521939786   0.6116572347687076   0
1.24140861169962   -0.47194825740194146   1
-0.8395697030594496   0.6086856328065285   0
-0.891047408298109   0.5449802122650331   0
0.9063859093629916   0.459902248900033   0
-0.004313271183856562   0.9891704870191128   0
0.9229031555474541   -0.5307620090395825   1
-0.9754439412587023   0.24462908704077535   0
0.15262693752195666   -0.08392927273823066   1
0.4678849768940466   0.9062623909579213   0
-0.9081508632660819   0.5165651092015997   0
1.5174307131121478   -0.3915019375496409   1
0.3475230201983626   -0.3044285219925448   1
0.07240441364419078   0.04326417349260537   1
-0.4347331798919156   0.8989443742785973   0
0.07221087795210271   0.2875869237150259   1
-0.7832679690306438   0.6783976638450226   0
0.008917611125826879   1.0397165898321559   0
1.8054805135743586   -0.1344409157103535   1
1.6951369027837637   -0.2305151253215605   1
0.15520528107151216   0.1226482296718471   1
0.18866335187083655   -0.1621995844096889   1
-0.7178712368838044   0.6979329123115385   0
1.172196234564025   -0.4551252704971816   1
-0.02389591641903341   0.3281514013845286   1
1.552279629546105   -0.24408931628399366   1
0.4863063774605552   0.840722176606248   0
-0.29233465855048407   0.922084096021757   0
0.9246865756414953   0.15951952973922603   0
1.5692893840314968   -0.41353732179208735   1
0.8752114182615286   -0.5681229932122016   1
-0.15066640413492882   0.9757485686787285   0
1.9747918531326938   0.34275276695710016   1
0.42976998785106535   -0.2893554609632925   1
0.5887142228249098   0.8221938902368445   0
0.7919018104141502   0.5253359855453292   0
-0.5031915391656515   0.814138084055851   0
1.646794130063212   -0.2764063087950454   1
-0.9383182925487437   0.23199353130980635   0
0.5816296855940858   0.7723796492569435   0
0.23210765264591401   0.7950362758931234   0
1.219398888394265   -0.41074076084262723   1
1.4818419371355975   -0.3748972945105028   1
0.4508075505941404   -0.4121501418001593   1
0.0030834098344993607   0.958908483628732   0
1.0240882302308398   0.07674359946188901   0
1.950768066345588   0.26364557918645515   1
1.8294734789115863   0.03425076093317269   1
0.05771364461287445   0.9248921959245047   0
0.8755375848356228   0.3649433601752873   0
0.030661292529334853   0.41126792503989484   1
-0.8339188182899974   0.604816395957256   0
0.9674734956498943   0.3883643796161048   0
0.8206234881543004   -0.5429266607144086   1
1.680604092776425   -0.24236412437557406   1
1.835803602546704   -0.18093372642662392   1
-0.8188716151118697   0.6785731004625198   0
0.534307451180309   -0.3167604454485434   1
-0.7855132422738709   0.6642651665702187   0
-0.7751324028651819   0.5475677267433811   0
-0.11013676944633195   0.9959131831022544   0
0.7244032294684352   -0.4893760213620684   1
0.9617941799452695   0.28474036941132147   0
0.744789513086573   0.7324310984939227   0
1.7399676910097448   -0.1721058391714763   1
0.3375038895474224   -0.13498400862161608   1
2.0621993399785326   0.34047917577165293   1
1.188385568346482   -0.5857608921135767   1
1.1614897907676827   -0.4842468321350425   1
1.8164767340007961   0.040915853440363165   1
0.9507039844341475   -0.5193861547666273   1
1.1322852165024986   -0.48296565696760957   1
0.5138694356769267   0.9124082307433456   0
0.14780492115216892   0.26437274802009103   1
-0.028903446977193867   1.102974005515467   0
0.1876721106769802   -0.0015413378199795047   1
0.03076743051774239   0.19518532324042365   1
1.9349031705088158   0.14724273447737127   1
0.9550936756757948   0.15688228822924213   0
0.890160232497165   0.4006742083570098   0
0.9653192869206787   -0.4950744905258337   1
0.914982540619489   0.3325983395136483   0
0.5848432057431487   -0.4383178847106606   1
0.03043908325536802   0.26223583577847753   1
0.12146111662629702   0.10512560254638882   1
0.4805382319931669   0.8714933328373736   0
0.9546255605530622   -0.4923011776890871   1
0.14145126233295366   1.0560779651352126   0
0.1863052030338544   0.05233541601653804   1
-0.01852791306786973   0.9790791370949328   0
-0.2029661585056049   1.0015471379020435   0
0.48320050606276505   0.920017267293115   0
1.9767669479878716   0.3982869080669743   1
-0.04533913918544233   0.2858187263605637   1
1.8111551657547154   -0.20150711949967737   1
0.12498631045587208   -0.08423583422807839   1
0.9527925788280682   -0.490062391356836   1
0.11654183561731957   0.08577215238679686   1
0.39057262553874417   -0.25104556532319217   1
-0.8835819997799864   0.40375229014547903   0
0.9571667728296195   0.28321865054421774   0
-0.8721334499217156   0.6705883973157594   0
-0.520986093647395   0.8541603285021516   0
2.0223395760565976   0.4342377371285875   1
1.5870922844708153   -0.3396607799327991   1
0.8531613971977925   0.3050887340560744   0
0.047499580483975394   0.20054753305160222   1
0.7556714103050124   0.7274806200899872   0
0.9897454388407393   0.43216381316844005   0
0.6945892946272041   -0.5047099203055951   1
-0.2077575533941419   1.0036469858278652   0
-0.535746138186928   0.8132798083086451   0
1.0175744386369725   -0.48678677584519303   1
0.1370750060413233   0.05047034422215395   1
0.5424741545214609   0.8635998793295143   0
1.7090720948182323   -0.008289390209670039   1
1.5913814827122292   -0.3118060230035794   1
0.04121590405099554   0.19664194591209708   1
0.95750794863428   0.12071277505443961   0
0.10807717283346274   0.19695498384886204   1
0.5520215400172253   0.7275904651247084   0
-0.6127661404274772   0.7786996100754887   0
0.14149708069521302   0.11856912500043873   1
-0.9725076578329808   0.2116718184297809   0
-0.7742494459642182   0.6007688175802098   0
-0.910453626333693   0.4911921266989973   0
1.8152459952798625   -0.024865815983629393   1
0.05496577836682444   0.14967583884045096   1
-1.0240429247618474   0.056717877724451554   0
-0.9695694021777802   0.06769513131810007   0
-0.9824531760063495   0.023550102883785687   0
-0.6735814842629114   0.6671885686912002   0
0.9574828802146005   0.3036951595493484   0
0.6661574329694528   0.6850238264094343   0
1.799037435261428   -0.06696089407763228   1
1.9081874218709938   0.05919946297934011   1
0.9123307070725218   0.6392777196190099   0
1.3053463048753795   -0.45569750299126044   1
-0.7709483735734681   0.6084765058529291   0
0.15007175289675823   -0.13356951392268585   1
0.2998624295173109   -0.1279820681309936   1
0.8219421851434912   0.5044682394508766   0
0.5715705849682531   -0.46322639496831464   1
1.047763725392633   0.14198419302408471   0
-0.664082005274944   0.7412824005927438   0
1.937127408513156   -0.06176748758150502   1
1.035800908509595   -0.49467516218435936   1
-0.9552747567634748   0.11775483227900953   0
0.17356161319209001   0.033768723419189614   1
-0.8480283232120984   0.486381902938032   0
-0.9859101002331526   0.18524507312341174   0
0.5956576144127993   0.7992481001100915   0
1.6194916166248603   -0.31893934464530294   1
0.03076466660686569   0.46329422753997285   1
0.5813921851751885   -0.34400741167332544   1
-0.7260886744134731   0.6533729827855952   0
0.14806967069534835   1.0742781227774247   0
0.5275147543372605   0.9450853153455036   0
0.06378052458816191   0.08902351907587389   1
0.03586927652176127   0.3831067577304852   1
0.4671330900153839   -0.36621539704922224   1
-0.6861902205160691   0.7993357420057878   0
0.3381529052995478   0.9782421200005138   0
1.9407139721769149   0.07337099689203819   1
1.7748657366296365   -0.19167773154160966   1
0.32504628551193193   -0.19232424346827856   1
0.4866872918188473   -0.38966595346571226   1
0.4739460017902857   0.8451340797117525   0
1.8751653722466528   0.19488972219003997   1
0.2559760792573688   -0.22502665843080255   1
0.4133438578991533   -0.2392604518605084   1
0.0025363090675003495   0.26223046544246753   1
0.027989088103762008   0.17537887194705393   1
0.23562267414831667   -0.16643465626013776   1
-0.44720938598677934   0.8382312210546013   0
1.6026193948928606   -0.2539373616693316   1
1.8544952365931053   0.11457216711902868   1
1.8979632608044505   0.15600768864587633   1
1.1420705334029304   -0.5050621588955462   1
0.8899954033314001   0.40187099067042487   0
-0.4691818326080897   0.8348734587849028   0
-0.8788749411162398   0.6479188188761177   0
1.657471844617582   -0.3384611651318945   1
-0.8882731295814035   0.0058624442804902956   0